0.048883
0.034147
0.007022
0.007046
0.008313
0.006717
0.006408
0.007570
0.006653
0.006422
0.006472
0.006454
0.006704
0.006366
0.006368
0.006768
0.006451
0.006307
0.007280
0.006761
0.007359
0.007236
0.006357
0.013779
0.009600
0.007648
0.006838
0.006416
0.006498
0.006437
0.006364
0.006572
0.006869
0.006535
0.006436
0.007376
0.008583
0.007097
0.007820
0.007545
0.006500
0.006828
0.007129
0.007024
0.022878
0.022453
0.044289
0.028621
0.026471
0.026827
0.022677
0.028101
0.026518
0.027556
0.036484
0.059786
0.046499
0.056450
0.053468
0.067584
0.056719
0.030867
0.037535
0.030622
0.011835
0.024874
0.011455
0.032497
0.027710
0.028521
0.024891
0.013159
0.019985
0.016362
0.011544
0.013372
0.011910
0.011572
0.011628
0.023201
0.020358
0.016046
0.010356
0.009824
0.009770
0.012079
0.011292
0.009778
0.010003
0.011357
0.009599
0.009822
0.009574
0.009692
0.009735
0.009631
0.009889
0.009739
0.009607
0.009584
